3000
541
985
112
665
308
285
286
43
2
778
935
323
605
93
842
616
400
92
23
944
951
270
540
622
189
11
620
28
557
575
455
450
912
919
116
221
556
754
616
559
885
552
234
842
997
76
459
398
169
482
694
472
104
587
94
293
598
66
673
508
641
128
958
906
399
74
479
956
181
95
515
66
999
101
908
997
529
367
747
50
202
793
522
658
380
616
952
979
35
977
487
28
106
797
934
505
224
765
813
405
213
328
471
212
781
379
561
311
99
308
361
301
102
236
959
834
204
263
813
239
241
652
268
699
450
554
556
674
320
370
431
533
50
902
97
832
633
659
495
84
319
856
385
773
444
697
608
649
312
421
888
905
426
156
956
876
711
513
902
383
235
333
916
285
587
365
469
572
24
316
657
344
525
394
469
969
443
77
618
756
851
507
13
629
663
970
505
726
835
759
109
70
444
377
707
383
743
529
955
767
845
612
463
370
359
933
692
802
362
310
558
565
817
924
194
833
894
51
559
729
810
669
151
606
46
210
989
141
739
297
909
937
261
724
659
620
9
351
423
724
662
333
289
831
257
484
664
151
535
224
232
698
245
735
656
643
946
998
785
37
295
46
326
556
122
986
177
132
689
600
856
703
933
497
535
191
981
551
694
869
775
279
919
372
14
927
368
312
925
153
350
220
551
28
129
673
14
306
805
56
258
13
759
543
511
294
86
844
846
781
65
973
412
984
698
426
264
66
91
189
571
793
762
122
821
891
147
188
197
953
244
807
318
355
350
829
2
437
674
848
570
91
173
982
76
223
760
340
641
851
881
212
644
643
686
818
534
834
6
83
139
602
242
457
957
593
639
959
382
665
159
952
756
685
286
184
908
46
876
550
250
758
114
246
753
153
64
288
987
422
723
126
376
966
935
334
911
574
645
293
239
805
597
996
842
235
532
102
281
409
4
883
167
119
482
920
272
898
560
611
321
636
89
49
954
24
383
865
951
381
510
190
538
459
538
380
694
71
482
327
832
487
211
999
958
693
271
582
591
184
193
264
820
282
314
774
658
49
639
609
430
501
152
968
960
42
700
654
113
535
981
297
22
544
296
980
237
920
562
181
104
107
445
924
389
759
50
399
161
689
9
591
542
513
912
502
555
964
508
21
499
489
318
521
34
615
853
623
887
767
804
991
874
250
267
615
361
317
367
522
358
376
466
900
889
730
754
796
46
262
817
546
751
136
419
137
103
625
761
990
744
917
333
971
167
600
586
881
269
953
755
627
681
573
879
922
655
633
719
702
895
888
600
998
24
19
488
479
996
601
821
741
518
154
712
38
106
650
919
375
956
26
2
989
952
881
912
607
866
983
661
761
871
261
112
248
633
600
727
629
201
549
722
719
703
434
757
162
437
28
537
393
407
892
382
359
773
646
966
992
629
628
753
853
889
217
101
874
817
180
504
18
729
226
90
785
13
199
947
450
228
836
843
635
728
577
346
854
224
312
846
205
292
599
58
534
817
511
408
986
692
264
357
421
843
447
558
856
646
505
658
226
342
853
213
70
430
559
276
6
224
122
212
516
74
622
50
243
134
811
229
826
75
586
599
918
385
158
126
384
663
136
610
357
989
176
780
772
735
56
778
959
179
342
828
253
965
878
848
451
689
77
277
117
16
876
387
401
34
514
137
50
2
748
407
992
276
539
116
363
596
246
675
127
589
503
380
906
733
228
357
775
657
986
892
673
862
279
427
249
145
564
299
148
664
58
492
292
598
608
656
194
854
331
321
795
834
53
701
919
633
410
694
642
396
938
668
611
218
95
860
715
11
159
215
28
569
707
320
167
315
328
713
522
659
386
317
845
791
371
765
424
133
811
67
530
750
735
141
320
182
353
387
545
864
603
925
433
310
598
601
978
926
666
852
938
53
169
783
844
892
900
621
26
712
40
908
814
127
401
486
661
754
873
206
970
476
484
403
139
82
356
117
8
23
321
946
428
490
82
624
735
334
597
113
46
637
21
212
116
774
698
777
880
924
336
850
400
820
253
891
902
962
360
262
337
681
561
765
524
995
741
259
329
339
372
728
328
745
940
445
871
991
222
751
915
558
601
667
730
206
559
632
520
271
247
857
953
808
622
477
803
716
88
484
55
812
212
735
909
505
180
780
496
755
531
763
665
484
430
396
42
341
28
563
965
627
420
918
435
395
747
590
111
187
75
518
999
639
253
908
144
434
40
640
541
923
755
206
407
538
602
801
879
983
364
196
610
785
114
398
532
213
340
643
400
767
513
751
407
766
11
551
552
51
544
445
974
299
652
733
837
606
535
69
589
251
265
552
388
732
302
920
297
642
915
698
410
428
801
169
547
813
720
99
216
616
545
543
268
549
276
105
155
163
526
97
415
144
1
803
228
303
724
525
297
991
223
59
420
377
228
967
190
301
418
758
269
315
301
537
216
930
995
372
445
873
821
860
17
822
16
245
477
92
771
126
83
346
186
855
723
766
174
265
419
945
24
689
260
677
578
829
959
573
201
405
799
374
617
816
548
633
414
25
725
537
151
161
235
689
368
311
808
543
576
227
488
952
268
100
630
847
929
941
772
482
346
571
856
964
740
756
949
506
781
675
395
285
188
630
326
556
941
134
99
870
714
939
822
334
40
804
181
321
746
306
804
92
229
12
408
321
769
358
179
902
385
574
539
573
205
218
481
498
704
933
368
418
224
543
753
616
347
286
938
445
944
94
890
174
458
298
847
579
656
27
834
393
601
725
318
158
943
800
9
0
85
377
418
309
920
523
926
620
162
216
65
106
310
955
632
768
606
832
700
262
859
534
656
812
259
326
323
555
126
332
555
563
61
325
873
982
201
151
954
363
367
19
821
677
327
806
797
933
638
497
547
849
383
555
13
995
882
688
550
360
20
457
924
82
782
149
416
335
300
722
50
667
93
872
696
420
30
493
705
20
343
253
221
78
160
234
73
42
923
975
755
295
432
679
729
567
828
497
902
128
219
953
147
313
177
843
85
559
336
791
579
31
396
800
110
908
386
535
303
309
511
58
957
295
89
686
862
269
184
117
397
755
422
896
68
599
739
154
158
427
297
89
459
45
889
921
953
627
456
608
289
319
666
246
615
107
284
829
376
468
946
125
224
368
21
644
319
760
150
829
188
799
270
999
196
511
272
502
139
728
110
428
400
129
674
15
236
310
844
613
779
143
738
355
511
112
351
183
224
854
364
764
653
635
763
850
146
387
352
285
468
462
65
868
591
739
235
180
50
79
793
181
222
883
888
86
347
591
621
572
445
985
336
99
972
452
301
119
839
653
756
659
467
822
527
411
913
762
591
315
194
736
848
416
619
88
854
319
680
827
891
125
813
579
576
137
31
877
608
223
882
365
882
350
539
762
761
804
524
352
120
718
440
320
487
59
409
693
730
89
521
621
566
686
201
495
823
584
372
432
807
255
149
42
957
688
804
70
492
680
774
964
399
214
285
238
625
694
931
356
135
452
977
53
138
530
548
314
115
273
746
274
880
247
668
837
935
472
907
779
153
681
96
904
247
381
494
872
427
425
228
914
230
558
967
720
88
868
386
555
141
132
182
21
379
850
858
666
675
117
798
180
150
246
436
397
979
930
621
406
707
850
672
937
760
991
10
848
859
396
756
0
881
938
21
612
140
231
631
815
700
781
995
202
27
431
951
6
713
573
412
421
775
436
710
535
427
72
735
287
469
843
639
702
781
13
666
274
596
297
441
649
78
789
851
105
220
803
111
286
728
875
707
503
311
769
390
91
842
125
730
663
969
369
365
102
734
383
376
331
681
818
332
759
607
183
217
179
338
328
817
66
556
524
921
219
294
311
310
488
437
392
151
758
114
868
860
848
251
589
531
284
759
863
396
718
399
613
897
737
293
715
156
849
591
77
421
237
389
731
77
178
476
228
936
590
448
148
790
52
89
322
336
848
537
732
566
288
345
816
26
991
883
534
840
826
963
261
64
352
345
141
882
821
722
170
763
522
671
553
574
760
227
911
609
765
995
527
53
341
343
431
684
578
965
524
405
929
138
821
633
835
314
868
8
36
390
123
911
61
676
485
174
904
748
783
21
744
662
74
437
358
858
121
936
175
997
341
456
487
162
442
322
829
310
682
865
52
805
776
114
834
614
288
738
362
423
759
106
437
185
543
795
395
16
732
571
14
425
379
501
940
821
176
769
483
210
634
888
16
763
2
850
377
642
940
91
417
51
198
854
588
93
650
984
110
734
907
476
159
286
977
99
460
505
868
295
716
855
183
732
970
537
934
699
531
226
790
948
277
340
155
865
786
157
201
248
891
108
724
50
747
53
502
559
559
722
206
275
577
742
359
547
279
645
598
163
871
389
463
500
81
618
365
867
775
919
115
18
27
191
421
126
245
275
37
156
997
244
431
575
986
142
474
617
139
73
780
10
814
244
862
895
214
579
763
342
498
230
360
878
422
133
4
19
408
42
175
406
638
958
333
976
452
807
593
591
232
374
953
46
970
815
294
184
394
57
526
893
639
239
771
413
372
127
432
133
521
607
539
159
917
872
135
369
31
81
312
616
807
265
662
777
80
956
313
827
365
192
72
357
783
843
770
507
322
203
640
844
162
531
355
80
403
843
801
787
924
114
403
731
379
417
860
812
726
525
991
443
717
63
800
500
906
571
360
580
774
0
424
288
532
780
720
287
975
522
74
899
988
829
982
719
599
194
531
325
719
874
768
789
937
921
641
195
492
1
776
618
2
200
906
886
332
627
173
307
501
600
558
489
781
892
208
380
86
92
705
158
966
826
299
256
747
940
451
591
942
579
209
296
780
467
534
464
446
707
124
947
659
682
788
441
927
349
821
365
441
879
523
759
57
822
367
804
115
819
747
57
398
956
705
530
775
239
347
222
298
471
521
958
505
310
751
432
659
572
798
452
803
673
563
860
496
931
16
963
102
763
20
500
719
77
383
495
668
730
69
966
553
590
276
58
900
27
843
911
952
993
363
755
666
927
616
514
858
632
477
960
748
849
812
467
926
547
314
594
629
735
913
182
326
189
593
578
217
788
490
169
781
853
924
447
780
892
962
990
877
439
302
625
641
115
444
567
14
111
514
644
846
427
178
172
968
771
103
185
559
593
706
692
446
983
140
579
227
454
921
104
245
224
81
886
691
526
806
705
989
320
701
835
99
880
360
419
3
463
605
915
56
663
607
854
646
747
785
874
553
707
330
799
931
412
685
974
290
491
679
279
163
733
114
614
613
826
34
616
289
991
883
345
654
491
552
301
590
337
527
144
44
857
943
327
621
980
653
911
472
685
190
987
418
657
602
31
483
636
999
773
627
883
470
633
726
22
286
668
712
813
164
108
23
459
436
644
440
89
556
912
774
98
251
192
755
853
575
239
841
927
364
820
162
834
454
240
209
740
908
921
906
73
29
929
532
817
573
972
259
481
236
385
580
488
930
335
693
505
926
535
784
290
355
946
125
809
186
686
902
95
607
808
520
988
89
404
806
662
729
417
496
317
802
76
805
732
763
851
238
690
386
22
980
741
321
457
903
507
143
805
954
102
965
826
91
54
231
249
68
960
666
564
277
468
992
435
201
756
286
791
798
24
165
778
117
486
588
20
346
731
177
300
186
494
127
277
548
710
878
969
670
896
885
299
364
230
734
917
338
372
60
136
396
226
266
514
64
854
534
762
938
64
63
124
558
542
753
459
252
983
780
274
879
665
573
595
895
660
865
233
32
925
721
429
503
340
295
920
546
181
682
484
245
97
960
156
991
65
615
595
48
395
869
279
412
795
227
660
455
92
245
839
369
967
620
873
659
915
145
205
97
827
690
694
925
2
850
916
68
817
512
468
564
733
100
329
528
327
989
335
419
234
527
788
553
147
13
212
415
158
418
864
338
460
558
263
462
761
531
882
930
395
703
495
129
803
824
9
482
165
697
901
399
224
41
305
723
407
517
138
917
287
2
255
747
913
870
562
26
402
796
956
797
851
803
926
6
979
288
488
144
985
741
896
209
135
201
932
542
70
423
459
358
425
67
457
690
937
371
716
339
520
25
489
371
828
767
378
160
55
866
304
40
608
552
601
95
105
534
637
176
957
448
886
734
515
695
777
805
67
493
144
939
870
985
310
699
753
688
859
808
907
515
201
867
68
802
962
173
688
951
701
997
751
939
84
267
635
861
424
54
706
568
993
577
906
655
628
659
344
839
819
603
354
20
470
774
823
784
300
863
735
1
861
486
293
945
105
928
158
529
334
864
450
327
793
356
982
421
15
678
260
186
281
967
207
103
93
382
887
393
245
974
747
458
813
40
403
918
320
913
800
654
778
250
333
571
958
667
345
325
698
957
511
331
924
718
435
370
100
674
115
698
649
862
156
462
254
912
732
926
825
532
580
955
782
265
527
92
285
224
417
983
181
929
314
458
647
101
828
100
776
943
150
777
158
306
591
764
570
323
691
396
208
623
351
342
241
230
435
526
806
852
509
988
781
175
798
781
277
626
233
405
921
383
182
431
41
125
196
964
448
887
712
656
862
63
351
103
646
786
629
452
638
490
792
772
666
590
905
943
568
138
700
490
873
882
921
266
7
469
230
807
708
942
816
571
358
167
26
356
953
656
808
943
146
953
715
164
543
620
459
112
110
159
954
983
393
227
602
752
697
832
560
405
775
728
328
485
895
355
841
200
363
649
143
861
954
211
26
498
183
837
610
294
997
916
629
742
143
231
495
840
416
55
598
191
135
278
28
30
633
869
230
348
870
725
210
825
288
588
323
472
425
