1000
541
985
112
665
308
285
286
43
2
778
935
323
605
93
842
616
400
92
23
944
951
270
540
622
189
11
620
28
557
575
455
450
912
919
116
221
556
754
616
559
885
552
234
842
997
76
459
398
169
482
694
472
104
587
94
293
598
66
673
508
641
128
958
906
399
74
479
956
181
95
515
66
999
101
908
997
529
367
747
50
202
793
522
658
380
616
952
979
35
977
487
28
106
797
934
505
224
765
813
405
213
328
471
212
781
379
561
311
99
308
361
301
102
236
959
834
204
263
813
239
241
652
268
699
450
554
556
674
320
370
431
533
50
902
97
832
633
659
495
84
319
856
385
773
444
697
608
649
312
421
888
905
426
156
956
876
711
513
902
383
235
333
916
285
587
365
469
572
24
316
657
344
525
394
469
969
443
77
618
756
851
507
13
629
663
970
505
726
835
759
109
70
444
377
707
383
743
529
955
767
845
612
463
370
359
933
692
802
362
310
558
565
817
924
194
833
894
51
559
729
810
669
151
606
46
210
989
141
739
297
909
937
261
724
659
620
9
351
423
724
662
333
289
831
257
484
664
151
535
224
232
698
245
735
656
643
946
998
785
37
295
46
326
556
122
986
177
132
689
600
856
703
933
497
535
191
981
551
694
869
775
279
919
372
14
927
368
312
925
153
350
220
551
28
129
673
14
306
805
56
258
13
759
543
511
294
86
844
846
781
65
973
412
984
698
426
264
66
91
189
571
793
762
122
821
891
147
188
197
953
244
807
318
355
350
829
2
437
674
848
570
91
173
982
76
223
760
340
641
851
881
212
644
643
686
818
534
834
6
83
139
602
242
457
957
593
639
959
382
665
159
952
756
685
286
184
908
46
876
550
250
758
114
246
753
153
64
288
987
422
723
126
376
966
935
334
911
574
645
293
239
805
597
996
842
235
532
102
281
409
4
883
167
119
482
920
272
898
560
611
321
636
89
49
954
24
383
865
951
381
510
190
538
459
538
380
694
71
482
327
832
487
211
999
958
693
271
582
591
184
193
264
820
282
314
774
658
49
639
609
430
501
152
968
960
42
700
654
113
535
981
297
22
544
296
980
237
920
562
181
104
107
445
924
389
759
50
399
161
689
9
591
542
513
912
502
555
964
508
21
499
489
318
521
34
615
853
623
887
767
804
991
874
250
267
615
361
317
367
522
358
376
466
900
889
730
754
796
46
262
817
546
751
136
419
137
103
625
761
990
744
917
333
971
167
600
586
881
269
953
755
627
681
573
879
922
655
633
719
702
895
888
600
998
24
19
488
479
996
601
821
741
518
154
712
38
106
650
919
375
956
26
2
989
952
881
912
607
866
983
661
761
871
261
112
248
633
600
727
629
201
549
722
719
703
434
757
162
437
28
537
393
407
892
382
359
773
646
966
992
629
628
753
853
889
217
101
874
817
180
504
18
729
226
90
785
13
199
947
450
228
836
843
635
728
577
346
854
224
312
846
205
292
599
58
534
817
511
408
986
692
264
357
421
843
447
558
856
646
505
658
226
342
853
213
70
430
559
276
6
224
122
212
516
74
622
50
243
134
811
229
826
75
586
599
918
385
158
126
384
663
136
610
357
989
176
780
772
735
56
778
959
179
342
828
253
965
878
848
451
689
77
277
117
16
876
387
401
34
514
137
50
2
748
407
992
276
539
116
363
596
246
675
127
589
503
380
906
733
228
357
775
657
986
892
673
862
279
427
249
145
564
299
148
664
58
492
292
598
608
656
194
854
331
321
795
834
53
701
919
633
410
694
642
396
938
668
611
218
95
860
715
11
159
215
28
569
707
320
167
315
328
713
522
659
386
317
845
791
371
765
424
133
811
67
530
750
735
141
320
182
353
387
545
864
603
925
433
310
598
601
978
926
666
852
938
53
169
783
844
892
900
621
26
712
40
908
814
127
401
486
661
754
873
206
970
476
484
403
139
82
356
117
8
23
321
946
428
490
82
624
735
334
597
113
46
637
21
212
116
774
698
777
880
924
336
850
400
820
253
891
902
962
360
262
337
681
561
765
524
995
741
259
329
339
372
728
328
745
940
445
871
991
222
751
915
558
601
667
730
206
559
632
520
271
247
857
953
808
622
477
803
716
88
484
55
812
212
735
909
505
180
780
496
755
531
763
665
484
430
396
42
341
28
563
965
627
420
918
435
395
747
590
111
187
75
518
999
639
253
908
144
434
40
640
541
923
755
206
407
538
602
801
879
983
364
196
610
785
114
398
532
213
340
643
400
767
513
751
407
