8000
541
985
112
665
308
285
286
43
2
778
935
323
605
93
842
616
400
92
23
944
951
270
540
622
189
11
620
28
557
575
455
450
912
919
116
221
556
754
616
559
885
552
234
842
997
76
459
398
169
482
694
472
104
587
94
293
598
66
673
508
641
128
958
906
399
74
479
956
181
95
515
66
999
101
908
997
529
367
747
50
202
793
522
658
380
616
952
979
35
977
487
28
106
797
934
505
224
765
813
405
213
328
471
212
781
379
561
311
99
308
361
301
102
236
959
834
204
263
813
239
241
652
268
699
450
554
556
674
320
370
431
533
50
902
97
832
633
659
495
84
319
856
385
773
444
697
608
649
312
421
888
905
426
156
956
876
711
513
902
383
235
333
916
285
587
365
469
572
24
316
657
344
525
394
469
969
443
77
618
756
851
507
13
629
663
970
505
726
835
759
109
70
444
377
707
383
743
529
955
767
845
612
463
370
359
933
692
802
362
310
558
565
817
924
194
833
894
51
559
729
810
669
151
606
46
210
989
141
739
297
909
937
261
724
659
620
9
351
423
724
662
333
289
831
257
484
664
151
535
224
232
698
245
735
656
643
946
998
785
37
295
46
326
556
122
986
177
132
689
600
856
703
933
497
535
191
981
551
694
869
775
279
919
372
14
927
368
312
925
153
350
220
551
28
129
673
14
306
805
56
258
13
759
543
511
294
86
844
846
781
65
973
412
984
698
426
264
66
91
189
571
793
762
122
821
891
147
188
197
953
244
807
318
355
350
829
2
437
674
848
570
91
173
982
76
223
760
340
641
851
881
212
644
643
686
818
534
834
6
83
139
602
242
457
957
593
639
959
382
665
159
952
756
685
286
184
908
46
876
550
250
758
114
246
753
153
64
288
987
422
723
126
376
966
935
334
911
574
645
293
239
805
597
996
842
235
532
102
281
409
4
883
167
119
482
920
272
898
560
611
321
636
89
49
954
24
383
865
951
381
510
190
538
459
538
380
694
71
482
327
832
487
211
999
958
693
271
582
591
184
193
264
820
282
314
774
658
49
639
609
430
501
152
968
960
42
700
654
113
535
981
297
22
544
296
980
237
920
562
181
104
107
445
924
389
759
50
399
161
689
9
591
542
513
912
502
555
964
508
21
499
489
318
521
34
615
853
623
887
767
804
991
874
250
267
615
361
317
367
522
358
376
466
900
889
730
754
796
46
262
817
546
751
136
419
137
103
625
761
990
744
917
333
971
167
600
586
881
269
953
755
627
681
573
879
922
655
633
719
702
895
888
600
998
24
19
488
479
996
601
821
741
518
154
712
38
106
650
919
375
956
26
2
989
952
881
912
607
866
983
661
761
871
261
112
248
633
600
727
629
201
549
722
719
703
434
757
162
437
28
537
393
407
892
382
359
773
646
966
992
629
628
753
853
889
217
101
874
817
180
504
18
729
226
90
785
13
199
947
450
228
836
843
635
728
577
346
854
224
312
846
205
292
599
58
534
817
511
408
986
692
264
357
421
843
447
558
856
646
505
658
226
342
853
213
70
430
559
276
6
224
122
212
516
74
622
50
243
134
811
229
826
75
586
599
918
385
158
126
384
663
136
610
357
989
176
780
772
735
56
778
959
179
342
828
253
965
878
848
451
689
77
277
117
16
876
387
401
34
514
137
50
2
748
407
992
276
539
116
363
596
246
675
127
589
503
380
906
733
228
357
775
657
986
892
673
862
279
427
249
145
564
299
148
664
58
492
292
598
608
656
194
854
331
321
795
834
53
701
919
633
410
694
642
396
938
668
611
218
95
860
715
11
159
215
28
569
707
320
167
315
328
713
522
659
386
317
845
791
371
765
424
133
811
67
530
750
735
141
320
182
353
387
545
864
603
925
433
310
598
601
978
926
666
852
938
53
169
783
844
892
900
621
26
712
40
908
814
127
401
486
661
754
873
206
970
476
484
403
139
82
356
117
8
23
321
946
428
490
82
624
735
334
597
113
46
637
21
212
116
774
698
777
880
924
336
850
400
820
253
891
902
962
360
262
337
681
561
765
524
995
741
259
329
339
372
728
328
745
940
445
871
991
222
751
915
558
601
667
730
206
559
632
520
271
247
857
953
808
622
477
803
716
88
484
55
812
212
735
909
505
180
780
496
755
531
763
665
484
430
396
42
341
28
563
965
627
420
918
435
395
747
590
111
187
75
518
999
639
253
908
144
434
40
640
541
923
755
206
407
538
602
801
879
983
364
196
610
785
114
398
532
213
340
643
400
767
513
751
407
766
11
551
552
51
544
445
974
299
652
733
837
606
535
69
589
251
265
552
388
732
302
920
297
642
915
698
410
428
801
169
547
813
720
99
216
616
545
543
268
549
276
105
155
163
526
97
415
144
1
803
228
303
724
525
297
991
223
59
420
377
228
967
190
301
418
758
269
315
301
537
216
930
995
372
445
873
821
860
17
822
16
245
477
92
771
126
83
346
186
855
723
766
174
265
419
945
24
689
260
677
578
829
959
573
201
405
799
374
617
816
548
633
414
25
725
537
151
161
235
689
368
311
808
543
576
227
488
952
268
100
630
847
929
941
772
482
346
571
856
964
740
756
949
506
781
675
395
285
188
630
326
556
941
134
99
870
714
939
822
334
40
804
181
321
746
306
804
92
229
12
408
321
769
358
179
902
385
574
539
573
205
218
481
498
704
933
368
418
224
543
753
616
347
286
938
445
944
94
890
174
458
298
847
579
656
27
834
393
601
725
318
158
943
800
9
0
85
377
418
309
920
523
926
620
162
216
65
106
310
955
632
768
606
832
700
262
859
534
656
812
259
326
323
555
126
332
555
563
61
325
873
982
201
151
954
363
367
19
821
677
327
806
797
933
638
497
547
849
383
555
13
995
882
688
550
360
20
457
924
82
782
149
416
335
300
722
50
667
93
872
696
420
30
493
705
20
343
253
221
78
160
234
73
42
923
975
755
295
432
679
729
567
828
497
902
128
219
953
147
313
177
843
85
559
336
791
579
31
396
800
110
908
386
535
303
309
511
58
957
295
89
686
862
269
184
117
397
755
422
896
68
599
739
154
158
427
297
89
459
45
889
921
953
627
456
608
289
319
666
246
615
107
284
829
376
468
946
125
224
368
21
644
319
760
150
829
188
799
270
999
196
511
272
502
139
728
110
428
400
129
674
15
236
310
844
613
779
143
738
355
511
112
351
183
224
854
364
764
653
635
763
850
146
387
352
285
468
462
65
868
591
739
235
180
50
79
793
181
222
883
888
86
347
591
621
572
445
985
336
99
972
452
301
119
839
653
756
659
467
822
527
411
913
762
591
315
194
736
848
416
619
88
854
319
680
827
891
125
813
579
576
137
31
877
608
223
882
365
882
350
539
762
761
804
524
352
120
718
440
320
487
59
409
693
730
89
521
621
566
686
201
495
823
584
372
432
807
255
149
42
957
688
804
70
492
680
774
964
399
214
285
238
625
694
931
356
135
452
977
53
138
530
548
314
115
273
746
274
880
247
668
837
935
472
907
779
153
681
96
904
247
381
494
872
427
425
228
914
230
558
967
720
88
868
386
555
141
132
182
21
379
850
858
666
675
117
798
180
150
246
436
397
979
930
621
406
707
850
672
937
760
991
10
848
859
396
756
0
881
938
21
612
140
231
631
815
700
781
995
202
27
431
951
6
713
573
412
421
775
436
710
535
427
72
735
287
469
843
639
702
781
13
666
274
596
297
441
649
78
789
851
105
220
803
111
286
728
875
707
503
311
769
390
91
842
125
730
663
969
369
365
102
734
383
376
331
681
818
332
759
607
183
217
179
338
328
817
66
556
524
921
219
294
311
310
488
437
392
151
758
114
868
860
848
251
589
531
284
759
863
396
718
399
613
897
737
293
715
156
849
591
77
421
237
389
731
77
178
476
228
936
590
448
148
790
52
89
322
336
848
537
732
566
288
345
816
26
991
883
534
840
826
963
261
64
352
345
141
882
821
722
170
763
522
671
553
574
760
227
911
609
765
995
527
53
341
343
431
684
578
965
524
405
929
138
821
633
835
314
868
8
36
390
123
911
61
676
485
174
904
748
783
21
744
662
74
437
358
858
121
936
175
997
341
456
487
162
442
322
829
310
682
865
52
805
776
114
834
614
288
738
362
423
759
106
437
185
543
795
395
16
732
571
14
425
379
501
940
821
176
769
483
210
634
888
16
763
2
850
377
642
940
91
417
51
198
854
588
93
650
984
110
734
907
476
159
286
977
99
460
505
868
295
716
855
183
732
970
537
934
699
531
226
790
948
277
340
155
865
786
157
201
248
891
108
724
50
747
53
502
559
559
722
206
275
577
742
359
547
279
645
598
163
871
389
463
500
81
618
365
867
775
919
115
18
27
191
421
126
245
275
37
156
997
244
431
575
986
142
474
617
139
73
780
10
814
244
862
895
214
579
763
342
498
230
360
878
422
133
4
19
408
42
175
406
638
958
333
976
452
807
593
591
232
374
953
46
970
815
294
184
394
57
526
893
639
239
771
413
372
127
432
133
521
607
539
159
917
872
135
369
31
81
312
616
807
265
662
777
80
956
313
827
365
192
72
357
783
843
770
507
322
203
640
844
162
531
355
80
403
843
801
787
924
114
403
731
379
417
860
812
726
525
991
443
717
63
800
500
906
571
360
580
774
0
424
288
532
780
720
287
975
522
74
899
988
829
982
719
599
194
531
325
719
874
768
789
937
921
641
195
492
1
776
618
2
200
906
886
332
627
173
307
501
600
558
489
781
892
208
380
86
92
705
158
966
826
299
256
747
940
451
591
942
579
209
296
780
467
534
464
446
707
124
947
659
682
788
441
927
349
821
365
441
879
523
759
57
822
367
804
115
819
747
57
398
956
705
530
775
239
347
222
298
471
521
958
505
310
751
432
659
572
798
452
803
673
563
860
496
931
16
963
102
763
20
500
719
77
383
495
668
730
69
966
553
590
276
58
900
27
843
911
952
993
363
755
666
927
616
514
858
632
477
960
748
849
812
467
926
547
314
594
629
735
913
182
326
189
593
578
217
788
490
169
781
853
924
447
780
892
962
990
877
439
302
625
641
115
444
567
14
111
514
644
846
427
178
172
968
771
103
185
559
593
706
692
446
983
140
579
227
454
921
104
245
224
81
886
691
526
806
705
989
320
701
835
99
880
360
419
3
463
605
915
56
663
607
854
646
747
785
874
553
707
330
799
931
412
685
974
290
491
679
279
163
733
114
614
613
826
34
616
289
991
883
345
654
491
552
301
590
337
527
144
44
857
943
327
621
980
653
911
472
685
190
987
418
657
602
31
483
636
999
773
627
883
470
633
726
22
286
668
712
813
164
108
23
459
436
644
440
89
556
912
774
98
251
192
755
853
575
239
841
927
364
820
162
834
454
240
209
740
908
921
906
73
29
929
532
817
573
972
259
481
236
385
580
488
930
335
693
505
926
535
784
290
355
946
125
809
186
686
902
95
607
808
520
988
89
404
806
662
729
417
496
317
802
76
805
732
763
851
238
690
386
22
980
741
321
457
903
507
143
805
954
102
965
826
91
54
231
249
68
960
666
564
277
468
992
435
201
756
286
791
798
24
165
778
117
486
588
20
346
731
177
300
186
494
127
277
548
710
878
969
670
896
885
299
364
230
734
917
338
372
60
136
396
226
266
514
64
854
534
762
938
64
63
124
558
542
753
459
252
983
780
274
879
665
573
595
895
660
865
233
32
925
721
429
503
340
295
920
546
181
682
484
245
97
960
156
991
65
615
595
48
395
869
279
412
795
227
660
455
92
245
839
369
967
620
873
659
915
145
205
97
827
690
694
925
2
850
916
68
817
512
468
564
733
100
329
528
327
989
335
419
234
527
788
553
147
13
212
415
158
418
864
338
460
558
263
462
761
531
882
930
395
703
495
129
803
824
9
482
165
697
901
399
224
41
305
723
407
517
138
917
287
2
255
747
913
870
562
26
402
796
956
797
851
803
926
6
979
288
488
144
985
741
896
209
135
201
932
542
70
423
459
358
425
67
457
690
937
371
716
339
520
25
489
371
828
767
378
160
55
866
304
40
608
552
601
95
105
534
637
176
957
448
886
734
515
695
777
805
67
493
144
939
870
985
310
699
753
688
859
808
907
515
201
867
68
802
962
173
688
951
701
997
751
939
84
267
635
861
424
54
706
568
993
577
906
655
628
659
344
839
819
603
354
20
470
774
823
784
300
863
735
1
861
486
293
945
105
928
158
529
334
864
450
327
793
356
982
421
15
678
260
186
281
967
207
103
93
382
887
393
245
974
747
458
813
40
403
918
320
913
800
654
778
250
333
571
958
667
345
325
698
957
511
331
924
718
435
370
100
674
115
698
649
862
156
462
254
912
732
926
825
532
580
955
782
265
527
92
285
224
417
983
181
929
314
458
647
101
828
100
776
943
150
777
158
306
591
764
570
323
691
396
208
623
351
342
241
230
435
526
806
852
509
988
781
175
798
781
277
626
233
405
921
383
182
431
41
125
196
964
448
887
712
656
862
63
351
103
646
786
629
452
638
490
792
772
666
590
905
943
568
138
700
490
873
882
921
266
7
469
230
807
708
942
816
571
358
167
26
356
953
656
808
943
146
953
715
164
543
620
459
112
110
159
954
983
393
227
602
752
697
832
560
405
775
728
328
485
895
355
841
200
363
649
143
861
954
211
26
498
183
837
610
294
997
916
629
742
143
231
495
840
416
55
598
191
135
278
28
30
633
869
230
348
870
725
210
825
288
588
323
472
425
285
118
774
201
99
517
344
331
364
537
99
771
135
290
906
413
670
936
399
539
518
747
409
595
309
586
884
897
261
356
675
546
826
449
99
925
318
796
608
682
333
707
805
820
349
711
585
19
999
336
558
869
84
320
465
745
906
349
643
168
57
670
66
883
119
518
808
790
314
417
824
647
124
630
819
474
341
404
493
693
741
404
562
177
76
27
922
334
376
917
854
785
587
921
668
59
439
829
849
753
246
25
752
722
655
571
548
349
327
394
42
68
798
956
597
874
984
520
560
712
789
415
498
377
336
518
788
127
347
637
232
945
14
336
668
670
907
216
371
586
610
413
655
760
721
252
986
705
124
547
770
266
962
620
995
650
138
783
777
486
772
361
783
786
697
451
456
956
20
827
542
630
592
549
391
314
154
729
371
278
276
493
544
238
113
539
888
252
674
17
90
446
378
873
233
427
677
41
735
697
221
278
327
813
827
70
479
333
152
203
964
428
696
508
19
810
400
259
414
426
277
856
873
7
81
458
787
758
499
522
807
720
152
487
886
332
909
717
665
61
272
629
490
969
490
509
131
242
120
897
668
397
105
541
757
186
999
896
297
851
418
456
923
571
943
809
903
853
879
568
914
151
550
756
120
40
617
603
282
738
852
950
487
957
844
596
496
195
492
145
46
911
601
970
834
545
131
737
750
10
657
16
162
207
773
634
599
742
590
881
480
442
184
320
400
28
916
896
575
409
41
974
672
994
296
858
891
779
947
993
790
604
10
304
164
135
290
763
877
880
997
710
323
181
30
723
561
298
971
488
59
364
462
731
358
110
941
602
890
888
595
32
493
605
336
9
92
626
124
970
507
121
32
830
654
414
905
215
712
876
56
772
240
518
855
950
629
797
552
871
685
148
903
530
105
591
891
198
217
16
520
76
489
552
258
144
966
163
711
30
391
767
154
983
638
362
286
619
511
838
490
548
338
745
431
796
336
322
994
905
690
514
982
532
418
592
676
736
756
739
766
499
859
273
483
497
635
769
468
146
959
958
46
650
703
477
446
391
800
792
296
842
658
278
374
76
871
402
164
979
142
930
830
353
555
313
850
190
434
318
688
746
628
735
396
683
212
842
74
364
634
370
559
292
1
933
720
224
336
884
555
830
166
385
183
722
699
385
264
485
703
305
231
683
392
979
366
956
821
792
673
807
514
232
451
867
165
523
91
853
759
646
683
926
32
218
0
83
603
616
920
658
273
504
341
665
483
59
974
657
203
647
816
718
879
268
585
396
143
29
602
903
675
285
829
59
504
181
494
459
149
415
118
423
919
459
440
402
871
414
59
74
61
228
144
292
496
730
41
991
759
643
894
786
280
75
846
136
256
340
596
406
755
714
181
26
525
621
781
748
36
840
175
449
420
319
94
916
49
135
260
160
130
154
947
410
230
145
547
838
837
495
244
593
561
777
971
438
399
752
187
787
945
362
588
365
681
682
634
83
169
894
243
651
48
542
62
278
39
961
469
877
456
65
822
17
843
793
807
242
546
994
381
843
356
969
208
390
4
842
473
525
736
68
177
137
963
239
767
2
552
236
231
8
302
53
377
145
847
184
739
745
531
472
588
239
441
148
629
797
991
454
323
79
875
500
568
190
739
336
544
643
924
776
651
578
829
380
75
28
916
166
125
447
638
65
687
432
214
668
229
557
123
552
636
350
404
557
540
495
245
84
138
169
860
141
748
42
521
823
70
790
990
548
237
980
613
276
412
827
945
994
384
420
546
373
770
951
282
310
798
527
394
937
696
607
78
796
649
600
972
71
390
314
619
979
294
233
608
59
412
553
53
149
325
951
522
95
254
804
757
53
683
151
990
379
758
68
528
759
20
852
831
762
166
450
94
812
683
702
871
448
607
276
597
932
228
119
379
482
275
136
887
958
639
877
689
750
298
569
509
670
421
340
433
587
143
879
752
178
581
975
626
540
252
223
472
480
694
203
314
321
339
202
279
330
431
321
80
729
242
942
400
664
282
185
603
425
64
355
604
997
683
582
537
935
806
361
767
500
564
433
822
255
635
453
585
419
126
666
500
369
608
900
385
242
437
988
20
853
696
976
202
379
558
91
314
716
804
433
569
368
866
743
975
854
196
561
273
675
579
773
396
539
26
781
133
815
769
505
669
817
481
223
196
392
315
862
108
119
295
677
840
162
420
167
16
969
728
641
996
659
414
392
550
792
525
684
608
646
189
629
464
23
852
660
415
519
875
875
991
170
905
183
684
325
350
52
646
431
693
994
442
460
386
993
252
263
677
212
910
218
841
374
241
46
386
656
917
261
884
260
432
789
443
468
466
146
521
465
577
214
459
371
26
198
364
631
461
41
843
371
612
37
745
853
83
484
862
352
745
746
613
177
535
408
646
353
554
519
818
483
85
278
855
112
476
219
95
289
613
938
661
225
975
758
430
410
242
292
763
988
38
728
517
925
136
515
631
691
386
449
526
472
727
381
936
555
953
31
845
918
969
858
143
297
616
573
59
211
218
174
551
608
902
68
886
39
936
517
82
322
966
960
794
46
694
730
953
647
113
150
565
83
8
60
732
977
985
791
540
555
318
91
164
220
511
50
611
447
919
45
122
885
6
916
283
700
999
589
699
112
739
616
547
100
676
631
429
13
423
969
569
741
60
733
313
571
135
277
371
54
322
493
291
680
761
927
380
112
516
431
225
607
47
124
707
75
756
488
89
531
457
10
624
869
95
937
793
582
566
164
636
889
9
279
569
770
206
302
883
722
85
460
330
133
936
389
208
692
230
649
575
687
11
199
909
458
489
702
40
407
218
676
296
579
308
218
349
514
872
584
589
957
396
271
442
333
660
3
377
242
4
953
930
16
504
191
474
345
245
515
753
815
543
401
394
851
971
95
718
843
680
307
153
76
578
947
761
590
950
139
833
955
444
115
323
948
306
797
646
903
664
751
718
560
504
112
763
476
207
481
671
239
788
176
668
718
124
429
661
74
568
494
381
12
961
704
313
267
854
311
522
518
62
240
430
566
704
194
394
263
675
66
503
816
242
171
886
366
952
547
793
521
41
174
885
2
879
198
621
733
861
495
603
923
735
34
842
791
228
236
55
255
302
910
423
897
433
310
263
385
857
408
258
251
583
144
605
814
694
579
899
556
74
502
831
162
888
673
953
468
910
360
76
564
270
499
461
703
161
77
89
371
837
699
622
420
843
579
586
538
510
485
446
585
340
277
99
580
303
52
49
213
413
477
129
35
976
943
739
138
372
180
861
209
879
483
630
75
414
568
613
925
406
411
862
98
688
961
678
991
365
79
556
130
556
38
166
885
981
905
375
353
437
236
562
316
71
544
391
485
465
356
410
871
119
272
969
808
585
647
151
951
79
60
81
987
98
247
872
431
504
247
784
941
835
698
610
906
243
353
392
708
710
154
931
829
779
900
989
364
899
493
667
330
905
749
318
355
348
190
786
853
790
922
146
625
620
756
532
215
110
276
275
172
782
206
353
913
458
695
278
710
188
297
40
445
46
358
800
747
549
938
952
691
860
98
316
832
207
200
400
669
828
675
193
963
234
546
876
44
241
154
754
781
804
147
578
202
505
378
949
406
668
901
97
528
352
766
713
911
318
113
580
147
140
773
110
726
319
986
123
913
493
877
46
297
24
625
851
882
355
801
640
24
54
738
552
406
856
617
317
174
82
249
673
223
22
135
301
694
474
424
959
967
654
5
616
30
630
467
912
986
620
553
10
675
643
914
433
851
884
751
25
966
0
51
189
375
186
843
69
660
267
28
979
273
33
947
304
16
767
568
354
387
473
716
62
468
982
848
319
866
599
345
833
951
396
374
326
934
217
395
595
837
775
574
110
161
874
766
529
641
335
883
28
160
951
443
629
933
291
948
800
242
645
633
193
393
359
520
328
577
267
275
766
395
201
876
556
75
995
85
716
330
320
97
842
271
540
471
204
183
420
356
425
417
989
970
811
701
842
491
630
110
766
396
857
967
624
413
43
619
850
759
301
170
208
144
441
748
615
997
283
387
354
60
805
695
383
968
396
225
459
26
687
577
774
544
544
399
309
939
18
159
699
320
329
259
464
122
360
79
472
643
819
826
56
624
521
439
944
270
664
403
648
704
980
423
248
876
822
558
816
192
69
867
512
751
126
328
873
486
760
345
482
579
523
538
555
397
977
499
667
993
254
667
49
586
90
650
462
264
560
630
457
629
497
969
380
624
298
606
462
58
951
944
989
827
482
544
224
811
395
243
157
649
910
558
587
1
208
401
265
768
32
74
750
529
44
130
505
694
88
320
752
392
264
741
219
99
637
443
262
32
38
771
681
948
330
620
301
890
21
919
11
53
993
761
935
389
243
792
83
332
112
187
724
729
280
295
180
917
738
794
949
128
566
982
76
248
602
730
490
624
649
501
29
994
614
964
384
210
109
819
894
221
7
970
302
287
265
482
205
355
629
506
483
195
841
911
795
443
641
637
419
642
491
449
989
105
765
373
667
874
192
561
448
551
531
750
839
796
585
396
503
214
902
986
761
95
898
908
539
891
545
310
534
36
111
875
494
877
248
161
103
792
723
551
696
606
654
535
755
591
283
258
157
537
597
918
633
495
826
524
738
723
834
272
760
946
499
254
175
99
767
630
892
842
534
940
449
188
827
556
131
110
814
288
647
763
206
632
258
384
156
997
459
991
621
219
289
121
825
816
220
945
446
464
787
980
404
588
520
583
496
651
693
663
939
693
426
497
325
685
233
482
34
693
825
7
264
114
480
442
930
701
387
728
517
526
709
274
115
229
857
611
233
903
626
524
596
53
22
921
738
607
755
124
652
580
131
917
46
964
359
328
17
98
57
534
624
766
160
91
347
370
55
580
273
681
457
869
734
831
142
824
438
898
948
91
478
432
360
525
748
71
853
765
169
910
651
145
28
812
237
728
182
292
660
807
325
117
676
60
948
170
884
739
68
185
830
547
969
542
424
717
613
629
482
134
892
133
279
920
297
868
648
831
512
661
638
838
778
666
898
727
837
134
466
905
671
648
804
992
542
580
61
507
210
543
641
102
29
272
374
678
493
375
510
5
36
500
195
814
167
445
893
4
580
711
261
603
711
66
596
253
646
657
760
208
553
753
310
934
378
685
964
871
60
474
228
96
975
424
262
494
869
508
498
801
219
759
757
931
177
705
184
176
714
297
384
267
50
47
553
428
732
518
651
144
344
880
592
671
656
206
517
877
714
15
31
934
127
788
865
656
493
401
184
207
698
569
827
101
616
732
881
700
602
533
844
299
765
788
322
773
994
840
650
709
207
33
643
686
821
860
343
666
613
527
226
312
448
405
765
416
137
646
116
740
531
312
391
648
100
713
773
447
553
424
156
761
457
151
799
631
363
142
297
976
22
875
640
470
280
405
239
418
404
355
510
287
20
901
936
120
966
709
919
872
485
75
985
295
226
784
278
941
927
927
918
301
803
558
123
83
964
362
853
720
718
715
7
90
968
295
210
935
5
130
807
842
557
792
137
136
576
767
77
855
695
995
156
498
906
632
933
222
994
787
942
64
502
949
154
471
597
717
758
602
199
917
796
756
709
286
244
637
53
322
845
748
669
353
598
575
985
532
797
980
671
91
396
525
393
551
348
990
268
106
944
467
23
740
575
84
26
172
74
80
494
271
180
515
624
779
443
962
663
592
942
686
684
690
211
77
241
912
419
861
18
363
680
394
103
608
830
130
780
256
562
626
527
94
141
152
225
584
114
240
177
408
926
213
450
490
290
692
402
709
905
772
72
586
518
527
546
349
9
326
957
923
952
485
18
93
989
243
30
455
484
559
215
762
772
665
252
414
709
654
475
615
779
899
553
297
426
99
998
436
425
956
359
729
793
729
174
134
973
204
589
809
115
804
923
887
469
176
301
531
182
776
146
961
675
699
259
454
150
609
242
927
917
601
656
710
683
830
844
8
387
785
817
854
589
740
742
411
268
395
942
451
524
440
764
551
491
375
357
641
985
599
568
902
201
576
965
236
758
809
244
497
947
61
352
536
153
446
299
774
841
593
577
717
33
341
621
524
717
978
517
54
578
85
308
131
13
273
367
772
435
611
621
382
24
973
270
529
419
570
303
613
515
880
330
549
222
951
425
291
282
943
697
860
380
5
991
394
279
358
518
714
321
139
448
345
465
718
874
884
640
530
497
156
762
180
57
336
483
482
627
765
777
324
625
158
682
968
904
961
678
422
27
999
913
475
696
378
545
923
263
186
805
112
694
567
644
751
904
128
585
531
245
363
208
223
521
890
543
425
203
222
199
230
573
112
57
270
491
602
545
106
140
350
218
186
917
215
937
821
695
875
705
940
238
265
515
111
507
59
888
710
281
87
292
206
551
701
828
42
303
373
500
796
75
71
982
993
286
272
166
981
147
223
273
385
488
789
848
995
848
736
57
481
823
701
687
374
402
516
769
58
241
269
854
317
340
188
662
626
460
180
959
607
404
233
344
892
22
192
240
870
280
649
703
103
351
390
830
753
258
599
811
500
220
17
169
561
206
831
539
666
11
499
626
415
732
322
660
754
867
252
976
147
901
679
251
252
421
433
358
680
32
169
532
252
187
701
165
745
532
705
411
895
556
389
663
288
712
323
394
931
927
722
78
828
753
681
433
174
114
143
854
498
664
386
103
851
439
268
596
971
325
360
219
881
101
882
521
813
557
915
744
484
989
175
664
742
856
449
917
971
592
123
821
257
862
924
460
301
193
409
625
870
121
844
752
222
726
625
388
635
893
132
119
882
659
135
625
516
585
894
839
529
369
660
786
231
585
599
885
130
8
510
0
129
354
104
351
432
82
739
67
975
224
538
209
883
673
186
751
258
80
590
788
802
603
926
33
188
525
918
670
885
780
22
366
486
479
70
918
561
161
337
888
737
875
97
621
901
284
724
159
716
667
299
518
270
578
904
810
455
174
480
693
955
854
59
441
333
129
712
246
643
49
134
380
277
584
353
178
868
78
689
936
745
341
455
367
271
711
177
726
885
9
771
192
863
831
634
549
312
698
795
955
99
282
688
728
866
41
258
734
119
300
670
216
641
477
583
264
188
112
342
426
121
114
618
337
297
604
886
961
302
33
269
754
315
957
482
533
998
741
267
470
41
290
686
34
119
622
298
660
86
992
86
560
106
56
897
755
661
135
717
315
520
986
421
188
943
904
721
293
997
341
763
38
631
450
424
102
424
74
762
510
66
200
70
525
257
319
280
270
806
349
937
327
335
359
515
630
263
236
924
612
577
687
2
560
489
426
663
265
852
777
128
918
978
198
795
587
870
428
857
676
777
794
355
465
505
870
95
120
459
371
732
36
411
734
949
252
160
964
518
12
741
646
283
71
196
430
658
66
858
867
95
636
14
450
101
519
673
548
640
132
920
372
520
683
107
469
935
619
785
453
984
527
451
619
950
648
49
609
66
908
828
513
896
842
964
997
362
637
897
354
121
169
726
641
852
185
463
788
157
248
593
493
775
45
112
726
45
513
687
463
773
515
977
669
710
941
18
72
930
916
778
51
85
504
692
938
42
155
78
199
404
671
44
531
68
508
609
113
21
648
577
795
164
906
464
226
847
483
650
129
399
428
180
836
932
224
774
326
380
204
877
136
876
921
19
296
429
629
762
803
277
691
598
793
597
414
19
444
249
669
925
0
97
105
837
382
329
963
60
61
168
938
197
396
211
217
692
641
198
454
444
475
145
394
621
742
808
640
538
58
662
463
410
759
920
247
493
250
211
554
311
731
844
861
127
55
430
171
696
628
626
492
455
123
238
76
218
399
717
108
809
731
572
219
490
844
467
336
446
30
242
758
761
86
971
240
141
401
411
190
381
389
34
836
513
273
913
731
672
982
191
481
713
115
52
555
960
519
243
406
901
485
516
662
571
487
254
713
240
666
255
973
55
289
810
920
562
75
3
586
409
195
419
474
310
472
29
270
991
273
677
245
110
545
907
682
33
514
747
625
180
2
951
587
643
113
508
206
188
511
792
949
706
212
423
17
36
452
639
379
77
316
624
188
214
884
222
599
398
321
224
578
675
175
165
318
288
25
876
828
537
21
777
595
233
200
612
621
5
604
0
434
272
625
974
486
509
548
85
907
869
662
837
896
189
354
567
478
380
443
658
269
464
788
864
49
340
829
670
697
433
671
132
705
648
106
192
157
7
629
416
228
291
253
125
481
959
692
311
339
487
969
960
304
109
825
353
450
6
376
147
439
399
631
496
47
90
40
556
97
670
972
325
961
577
802
442
888
846
753
580
334
75
540
638
184
717
343
986
723
719
486
162
470
117
11
869
559
51
425
656
721
749
334
35
678
136
829
567
983
583
147
669
10
39
307
546
757
2
533
480
74
19
995
544
488
6
414
48
409
839
56
483
941
390
518
619
527
347
538
862
282
685
531
292
725
190
839
834
192
724
314
266
95
661
811
935
19
577
983
429
768
392
264
709
782
134
681
661
833
219
523
116
257
54
760
982
596
951
168
789
675
482
55
122
496
218
58
515
795
393
296
916
785
560
977
568
694
658
581
528
878
105
996
135
511
108
469
108
60
637
249
87
471
304
210
319
875
620
835
22
13
131
938
151
44
916
71
90
926
652
618
804
757
966
291
621
75
112
81
135
101
330
574
925
986
136
244
861
756
79
236
122
563
174
273
959
442
344
49
369
348
20
525
106
986
169
79
413
281
160
900
735
490
475
660
828
611
904
690
720
336
926
194
899
452
467
210
247
163
259
616
511
279
493
969
618
14
400
31
648
560
932
383
402
407
43
231
370
299
273
442
635
551
636
886
3
455
96
250
618
708
218
482
987
64
803
605
78
204
989
726
116
921
461
519
680
504
102
50
156
375
493
791
926
481
30
281
937
478
532
907
186
102
389
174
166
545
131
597
749
120
675
865
393
137
736
73
641
838
476
797
213
321
941
491
802
971
773
739
801
657
647
988
759
388
162
278
285
645
875
386
766
550
604
159
687
340
585
681
531
61
830
744
382
123
588
536
446
361
276
248
18
275
236
129
15
398
759
301
395
634
687
513
537
291
673
576
984
610
609
515
671
440
611
405
915
199
941
362
912
569
610
282
844
846
412
212
596
171
513
991
158
552
505
47
196
530
975
180
140
585
695
163
377
658
568
292
858
861
654
770
431
264
405
627
462
817
839
58
340
704
50
850
609
907
897
805
789
873
337
929
810
384
444
187
42
12
831
252
225
486
375
656
102
780
636
565
949
827
975
289
884
377
140
493
284
389
650
73
614
339
354
424
75
798
611
117
162
795
722
740
281
97
396
735
877
384
652
826
212
628
467
448
5
959
293
642
349
943
715
963
634
422
388
709
572
351
178
87
146
900
827
779
997
575
867
226
960
519
404
524
147
872
972
153
183
265
795
532
560
862
848
546
636
236
255
561
939
785
648
438
686
475
217
35
402
84
614
362
604
18
238
103
242
562
608
426
179
755
310
91
618
158
637
606
746
244
167
686
30
815
124
716
642
693
751
45
130
717
759
734
88
350
189
330
912
798
108
92
553
771
183
523
929
821
130
28
65
649
714
95
817
190
163
811
235
267
856
365
984
968
451
72
318
641
755
230
439
215
674
992
986
858
868
268
31
350
296
448
999
362
896
168
552
59
980
787
678
836
505
663
156
956
87
474
597
194
705
36
410
731
381
396
589
601
664
972
951
960
421
302
322
669
471
226
80
451
366
759
639
871
774
796
827
213
270
777
408
327
165
818
411
546
214
0
499
231
325
450
543
98
105
218
767
576
444
847
379
162
606
18
33
732
166
213
946
789
990
354
116
155
172
879
54
738
880
553
321
557
356
865
655
461
83
422
389
879
621
768
42
228
786
75
312
953
288
258
94
278
612
210
434
136
90
488
875
322
393
548
879
749
413
886
210
496
308
599
728
929
719
770
509
858
197
822
163
486
432
257
116
45
467
902
533
909
742
760
583
136
309
814
237
722
52
800
571
360
751
299
642
471
69
503
329
266
677
492
104
110
749
573
507
568
475
40
830
570
801
765
58
110
932
295
184
984
95
755
697
199
406
339
670
475
194
351
94
872
843
550
334
944
123
841
864
951
233
694
521
34
812
931
496
744
226
681
728
674
788
425
873
195
116
895
22
663
598
468
535
441
19
221
737
494
62
601
797
647
648
318
34
460
249
530
204
828
563
284
854
704
62
79
251
178
974
625
841
572
94
728
365
465
301
454
311
715
55
109
363
703
779
397
515
381
279
719
209
843
356
63
899
418
494
150
948
468
775
142
392
221
870
109
38
524
563
350
239
970
811
602
674
590
999
541
971
279
613
532
474
969
947
725
387
441
875
335
909
2
477
653
576
700
762
966
224
677
316
815
648
479
418
674
70
769
215
393
400
828
926
226
797
873
951
536
315
178
872
576
533
701
230
109
753
344
75
329
22
744
145
670
223
915
344
645
684
911
39
85
740
965
311
889
190
615
426
505
793
650
434
326
703
16
787
457
360
215
138
734
959
635
756
534
550
452
532
235
364
571
672
456
888
983
345
78
598
123
936
744
773
722
70
829
738
210
286
450
425
776
185
736
412
293
622
962
746
154
549
462
77
221
918
317
557
615
748
507
739
684
251
512
406
674
341
496
884
979
946
309
108
131
45
520
425
667
834
523
174
384
985
251
957
903
569
514
518
317
22
609
353
625
122
111
299
815
607
183
147
905
844
607
37
241
479
814
261
313
689
435
49
674
38
7
929
959
521
799
628
895
409
333
521
883
796
172
50
755
708
549
661
904
156
50
146
635
864
407
949
905
194
998
579
584
357
860
896
879
659
524
126
420
210
999
303
6
172
354
762
232
903
423
136
412
473
282
47
689
41
348
594
587
699
525
524
56
737
420
287
396
296
414
817
506
413
472
865
937
178
627
521
434
402
658
846
875
292
245
916
686
594
862
625
293
387
149
349
124
569
989
872
218
403
41
724
168
866
941
458
44
568
979
478
970
989
676
197
282
922
113
320
868
975
945
161
714
95
862
190
16
851
415
234
606
456
311
127
674
252
585
719
173
916
549
143
906
578
693
540
500
806
860
368
134
805
881
200
252
95
391
269
947
158
855
905
966
518
32
641
123
617
360
296
534
261
791
792
839
484
332
691
643
192
411
129
349
644
329
602
740
72
223
687
230
78
944
197
949
977
190
72
594
902
368
480
163
511
624
355
348
956
398
991
500
162
472
850
806
801
804
546
226
27
585
808
105
530
357
54
507
547
478
453
449
198
