5000
141
185
112
65
108
85
86
43
2
178
135
123
5
93
42
16
0
92
23
144
151
70
140
22
189
11
20
28
157
175
55
50
112
119
116
21
156
154
16
159
85
152
34
42
197
76
59
198
169
82
94
72
104
187
94
93
198
66
73
108
41
128
158
106
199
74
79
156
181
95
115
66
199
101
108
197
129
167
147
50
2
193
122
58
180
16
152
179
35
177
87
28
106
197
134
105
24
165
13
5
13
128
71
12
181
179
161
111
99
108
161
101
102
36
159
34
4
63
13
39
41
52
68
99
50
154
156
74
120
170
31
133
50
102
97
32
33
59
95
84
119
56
185
173
44
97
8
49
112
21
88
105
26
156
156
76
111
113
102
183
35
133
116
85
187
165
69
172
24
116
57
144
125
194
69
169
43
77
18
156
51
107
13
29
63
170
105
126
35
159
109
70
44
177
107
183
143
129
155
167
45
12
63
170
159
133
92
2
162
110
158
165
17
124
194
33
94
51
159
129
10
69
151
6
46
10
189
141
139
97
109
137
61
124
59
20
9
151
23
124
62
133
89
31
57
84
64
151
135
24
32
98
45
135
56
43
146
198
185
37
95
46
126
156
122
186
177
132
89
0
56
103
133
97
135
191
181
151
94
69
175
79
119
172
14
127
168
112
125
153
150
20
151
28
129
73
14
106
5
56
58
13
159
143
111
94
86
44
46
181
65
173
12
184
98
26
64
66
91
189
171
193
162
122
21
91
147
188
197
153
44
7
118
155
150
29
2
37
74
48
170
91
173
182
76
23
160
140
41
51
81
12
44
43
86
18
134
34
6
83
139
2
42
57
157
193
39
159
182
65
159
152
156
85
86
184
108
46
76
150
50
158
114
46
153
153
64
88
187
22
123
126
176
166
135
134
111
174
45
93
39
5
197
196
42
35
132
102
81
9
4
83
167
119
82
120
72
98
160
11
121
36
89
49
154
24
183
65
151
181
110
190
138
59
138
180
94
71
82
127
32
87
11
199
158
93
71
182
191
184
193
64
20
82
114
174
58
49
39
9
30
101
152
168
160
42
100
54
113
135
181
97
22
144
96
180
37
120
162
181
104
107
45
124
189
159
50
199
161
89
9
191
142
113
112
102
155
164
108
21
99
89
118
121
34
15
53
23
87
167
4
191
74
50
67
15
161
117
167
122
158
176
66
100
89
130
154
196
46
62
17
146
151
136
19
137
103
25
161
190
144
117
133
171
167
0
186
81
69
153
155
27
81
173
79
122
55
33
119
102
95
88
0
198
24
19
88
79
196
1
21
141
118
154
112
38
106
50
119
175
156
26
2
189
152
81
112
7
66
183
61
161
71
61
112
48
33
0
127
29
1
149
122
119
103
34
157
162
37
28
137
193
7
92
182
159
173
46
166
192
29
28
153
53
89
17
101
74
17
180
104
18
129
26
90
185
13
199
147
50
28
36
43
35
128
177
146
54
24
112
46
5
92
199
58
134
17
111
8
186
92
64
157
21
43
47
158
56
46
105
58
26
142
53
13
70
30
159
76
6
24
122
12
116
74
22
50
43
134
11
29
26
75
186
199
118
185
158
126
184
63
136
10
157
189
176
180
172
135
56
178
159
179
142
28
53
165
78
48
51
89
77
77
117
16
76
187
1
34
114
137
50
2
148
7
192
76
139
116
163
196
46
75
127
189
103
180
106
133
28
157
175
57
186
92
73
62
79
27
49
145
164
99
148
64
58
92
92
198
8
56
194
54
131
121
195
34
53
101
119
33
10
94
42
196
138
68
11
18
95
60
115
11
159
15
28
169
107
120
167
115
128
113
122
59
186
117
45
191
171
165
24
133
11
67
130
150
135
141
120
182
153
187
145
64
3
125
33
110
198
1
178
126
66
52
138
53
169
183
44
92
100
21
26
112
40
108
14
127
1
86
61
154
73
6
170
76
84
3
139
82
156
117
8
23
121
146
28
90
82
24
135
134
197
113
46
37
21
12
116
174
98
177
80
124
136
50
0
20
53
91
102
162
160
62
137
81
161
165
124
195
141
59
129
139
172
128
128
145
140
45
71
191
22
151
115
158
1
67
130
6
159
32
120
71
47
57
153
8
22
77
3
116
88
84
55
12
12
135
109
105
180
180
96
155
131
163
65
84
30
196
42
141
28
163
165
27
20
118
35
195
147
190
111
187
75
118
199
39
53
108
144
34
40
40
141
123
155
6
7
138
2
1
79
183
164
196
10
185
114
198
132
13
140
43
0
167
113
151
7
166
11
151
152
51
144
45
174
99
52
133
37
6
135
69
189
51
65
152
188
132
102
120
97
42
115
98
10
28
1
169
147
13
120
99
16
16
145
143
68
149
76
105
155
163
126
97
15
144
1
3
28
103
124
125
97
191
23
59
20
177
28
167
190
101
18
158
69
115
101
137
16
130
195
172
45
73
21
60
17
22
16
45
77
92
171
126
83
146
186
55
123
166
174
65
19
145
24
89
60
77
178
29
159
173
1
5
199
174
17
16
148
33
14
25
125
137
151
161
35
89
168
111
8
143
176
27
88
152
68
100
30
47
129
141
172
82
146
171
56
164
140
156
149
106
181
75
195
85
188
30
126
156
141
134
99
70
114
139
22
134
40
4
181
121
146
106
4
92
29
12
8
121
169
158
179
102
185
174
139
173
5
18
81
98
104
133
168
18
24
143
153
16
147
86
138
45
144
94
90
174
58
98
47
179
56
27
34
193
1
125
118
158
143
0
9
0
85
177
18
109
120
123
126
20
162
16
65
106
110
155
32
168
6
32
100
62
59
134
56
12
59
126
123
155
126
132
155
163
61
125
73
182
1
151
154
163
167
19
21
77
127
6
197
133
38
97
147
49
183
155
13
195
82
88
150
160
20
57
124
82
182
149
16
135
100
122
50
67
93
72
96
20
30
93
105
20
143
53
21
78
160
34
73
42
123
175
155
95
32
79
129
167
28
97
102
128
19
153
147
113
177
43
85
159
136
191
179
31
196
0
110
108
186
135
103
109
111
58
157
95
89
86
62
69
184
117
197
155
22
96
68
199
139
154
158
27
97
89
59
45
89
121
153
27
56
8
89
119
66
46
15
107
84
29
176
68
146
125
24
168
21
44
119
160
150
29
188
199
70
199
196
111
72
102
139
128
110
28
0
129
74
15
36
110
44
13
179
143
138
155
111
112
151
183
24
54
164
164
53
35
163
50
146
187
152
85
68
62
65
68
191
139
35
180
50
79
193
181
22
83
88
86
147
191
21
172
45
185
136
99
172
52
101
119
39
53
156
59
67
22
127
11
113
162
191
115
194
136
48
16
19
88
54
119
80
27
91
125
13
179
176
137
31
77
8
23
82
165
82
150
139
162
161
4
124
152
120
118
40
120
87
59
9
93
130
89
121
21
166
86
1
95
23
184
172
32
7
55
149
42
157
88
4
70
92
80
174
164
199
14
85
38
25
94
131
156
135
52
177
53
138
130
148
114
115
73
146
74
80
47
68
37
135
72
107
179
153
81
96
104
47
181
94
72
27
25
28
114
30
158
167
120
88
68
186
155
141
132
182
21
179
50
58
66
75
117
198
180
150
46
36
197
179
130
21
6
107
50
72
137
160
191
10
48
59
196
156
0
81
138
21
12
140
31
31
15
100
181
195
2
27
31
151
6
113
173
12
21
175
36
110
135
27
72
135
87
69
43
39
102
181
13
66
74
196
97
41
49
78
189
51
105
20
3
111
86
128
75
107
103
111
169
190
91
42
125
130
63
169
169
165
102
134
183
176
131
81
18
132
159
7
183
17
179
138
128
17
66
156
124
121
19
94
111
110
88
37
192
151
158
114
68
60
48
51
189
131
84
159
63
196
118
199
13
97
137
93
115
156
49
191
77
21
37
189
131
77
178
76
28
136
190
48
148
190
52
89
122
136
48
137
132
166
88
145
16
26
191
83
134
40
26
163
61
64
152
145
141
82
21
122
170
163
122
71
153
174
160
27
111
9
165
195
127
53
141
143
31
84
178
165
124
5
129
138
21
33
35
114
68
8
36
190
123
111
61
76
85
174
104
148
183
21
144
62
74
37
158
58
121
136
175
197
141
56
87
162
42
122
29
110
82
65
52
5
176
114
34
14
88
138
162
23
159
106
37
185
143
195
195
16
132
171
14
25
179
101
140
21
176
169
83
10
34
88
16
163
2
50
177
42
140
91
17
51
198
54
188
93
50
184
110
134
107
76
159
86
177
99
60
105
68
95
116
55
183
132
170
137
134
99
131
26
190
148
77
140
155
65
186
157
1
48
91
108
124
50
147
53
102
159
159
122
6
75
177
142
159
147
79
45
198
163
71
189
63
100
81
18
165
67
175
119
115
18
27
191
21
126
45
75
37
156
197
44
31
175
186
142
74
17
139
73
180
10
14
44
62
95
14
179
163
142
98
30
160
78
22
133
4
19
8
42
175
6
38
158
133
176
52
7
193
191
32
174
153
46
170
15
94
184
194
57
126
93
39
39
171
13
172
127
32
133
121
7
139
159
117
72
135
169
31
81
112
16
7
65
62
177
80
156
113
27
165
192
72
157
183
43
170
107
122
3
40
44
162
131
155
80
3
43
1
187
124
114
3
131
179
17
60
12
126
125
191
43
117
63
0
100
106
171
160
180
174
0
24
88
132
180
120
87
175
122
74
99
188
29
182
119
199
194
131
125
119
74
168
189
137
121
41
195
92
1
176
18
2
0
106
86
132
27
173
107
101
0
158
89
181
92
8
180
86
92
105
158
166
26
99
56
147
140
51
191
142
179
9
96
180
67
134
64
46
107
124
147
59
82
188
41
127
149
21
165
41
79
123
159
57
22
167
4
115
19
147
57
198
156
105
130
175
39
147
22
98
71
121
158
105
110
151
32
59
172
198
52
3
73
163
60
96
131
16
163
102
163
20
100
119
77
183
95
68
130
69
166
153
190
76
58
100
27
43
111
152
193
163
155
66
127
16
114
58
32
77
160
148
49
12
67
126
147
114
194
29
135
113
182
126
189
193
178
17
188
90
169
181
53
124
47
180
92
162
190
77
39
102
25
41
115
44
167
14
111
114
44
46
27
178
172
168
171
103
185
159
193
106
92
46
183
140
179
27
54
121
104
45
24
81
86
91
126
6
105
189
120
101
35
99
80
160
19
3
63
5
115
56
63
7
54
46
147
185
74
153
107
130
199
131
12
85
174
90
91
79
79
163
133
114
14
13
26
34
16
89
191
83
145
54
91
152
101
190
137
127
144
44
57
143
127
21
180
53
111
72
85
190
187
18
57
2
31
83
36
199
173
27
83
70
33
126
22
86
68
112
13
164
108
23
59
36
44
40
89
156
112
174
98
51
192
155
53
175
39
41
127
164
20
162
34
54
40
9
140
108
121
106
73
29
129
132
17
173
172
59
81
36
185
180
88
130
135
93
105
126
135
184
90
155
146
125
9
186
86
102
95
7
8
120
188
89
4
6
62
129
17
96
117
2
76
5
132
163
51
38
90
186
22
180
141
121
57
103
107
143
5
154
102
165
26
91
54
31
49
68
160
66
164
77
68
192
35
1
156
86
191
198
24
165
178
117
86
188
20
146
131
177
100
186
94
127
77
148
110
78
169
70
96
85
99
164
30
134
117
138
172
60
136
196
26
66
114
64
54
134
162
138
64
63
124
158
142
153
59
52
183
180
74
79
65
173
195
95
60
65
33
32
125
121
29
103
140
95
120
146
181
82
84
45
97
160
156
191
65
15
195
48
195
69
79
12
195
27
60
55
92
45
39
169
167
20
73
59
115
145
5
97
27
90
94
125
2
50
116
68
17
112
68
164
133
100
129
128
127
189
135
19
34
127
188
153
147
13
12
15
158
18
64
138
60
158
63
62
161
131
82
130
195
103
95
129
3
24
9
82
165
97
101
199
24
41
105
123
7
117
138
117
87
2
55
147
113
70
162
26
2
196
156
197
51
3
126
6
179
88
88
144
185
141
96
9
135
1
132
142
70
23
59
158
25
67
57
90
137
171
116
139
120
25
89
171
28
167
178
160
55
66
104
40
8
152
1
95
105
134
37
176
157
48
86
134
115
95
177
5
67
93
144
139
70
185
110
99
153
88
59
8
107
115
1
67
68
2
162
173
88
151
101
197
151
139
84
67
35
61
24
54
106
168
193
177
106
55
28
59
144
39
19
3
154
20
70
174
23
184
100
63
135
1
61
86
93
145
105
128
158
129
134
64
50
127
193
156
182
21
15
78
60
186
81
167
7
103
93
182
87
193
45
174
147
58
13
40
3
118
120
113
0
54
178
50
133
171
158
67
145
125
98
157
111
131
124
118
35
170
100
74
115
98
49
62
156
62
54
112
132
126
25
132
180
155
182
65
127
92
85
24
17
183
181
129
114
58
47
101
28
100
176
143
150
177
158
106
191
164
170
123
91
196
8
23
151
142
41
30
35
126
6
52
109
188
181
175
198
181
77
26
33
5
121
183
182
31
41
125
196
164
48
87
112
56
62
63
151
103
46
186
29
52
38
90
192
172
66
190
105
143
168
138
100
90
73
82
121
66
7
69
30
7
108
142
16
171
158
167
26
156
153
56
8
143
146
153
115
164
143
20
59
112
110
159
154
183
193
27
2
152
97
32
160
5
175
128
128
85
95
155
41
0
163
49
143
61
154
11
26
98
183
37
10
94
197
116
29
142
143
31
95
40
16
55
198
191
135
78
28
30
33
69
30
148
70
125
10
25
88
188
123
72
25
85
118
174
1
99
117
144
131
164
137
99
171
135
90
106
13
70
136
199
139
118
147
9
195
109
186
84
97
61
156
75
146
26
49
99
125
118
196
8
82
133
107
5
20
149
111
185
19
199
136
158
69
84
120
65
145
106
149
43
168
57
70
66
83
119
118
8
190
114
17
24
47
124
30
19
74
141
4
93
93
141
4
162
177
76
27
122
134
176
117
54
185
187
121
68
59
39
29
49
153
46
25
152
122
55
171
148
149
127
194
42
68
198
156
197
74
184
120
160
112
189
15
98
177
136
118
188
127
147
37
32
145
14
136
68
70
107
16
171
186
10
13
55
160
121
52
186
105
124
147
170
66
162
20
195
50
138
183
177
86
172
161
183
186
97
51
56
156
20
27
142
30
192
149
191
114
154
129
171
78
76
93
144
38
113
139
88
52
74
17
90
46
178
73
33
27
77
41
135
97
21
78
127
13
27
70
79
133
152
3
164
28
96
108
19
10
0
59
14
26
77
56
73
7
81
58
187
158
99
122
7
120
152
87
86
132
109
117
65
61
72
29
90
169
90
109
131
42
120
97
68
197
105
141
157
186
199
96
97
51
18
56
123
171
143
9
103
53
79
168
114
151
150
156
120
40
17
3
82
138
52
150
87
157
44
196
96
195
92
145
46
111
1
170
34
145
131
137
150
10
57
16
162
7
173
34
199
142
190
81
80
42
184
120
0
28
116
96
175
9
41
174
72
194
96
58
91
179
147
193
190
4
10
104
164
135
90
163
77
80
197
110
123
181
30
123
161
98
171
88
59
164
62
131
158
110
141
2
90
88
195
32
93
5
136
9
92
26
124
170
107
121
32
30
54
14
105
15
112
76
56
172
40
118
55
150
29
197
152
71
85
148
103
130
105
191
91
198
17
16
120
76
89
152
58
144
166
163
111
30
191
167
154
183
38
162
86
19
111
38
90
148
138
145
31
196
136
122
194
105
90
114
182
132
18
192
76
136
156
139
166
99
59
73
83
97
35
169
68
146
159
158
46
50
103
77
46
191
0
192
96
42
58
78
174
76
71
2
164
179
142
130
30
153
155
113
50
190
34
118
88
146
28
135
196
83
12
42
74
164
34
170
159
92
1
133
120
24
136
84
155
30
166
185
183
122
99
185
64
85
103
105
31
83
192
179
166
156
21
192
73
7
114
32
51
67
165
123
91
53
159
46
83
126
32
18
0
83
3
16
120
58
73
104
141
65
83
59
174
57
3
47
16
118
79
68
185
196
143
29
2
103
75
85
29
59
104
181
94
59
149
15
118
23
119
59
40
2
71
14
59
74
61
28
144
92
96
130
41
191
159
43
94
186
80
75
46
136
56
140
196
6
155
114
181
26
125
21
181
148
36
40
175
49
20
119
94
116
49
135
60
160
130
154
147
10
30
145
147
38
37
95
44
193
161
177
171
38
199
152
187
187
145
162
188
165
81
82
34
83
169
94
43
51
48
142
62
78
39
161
69
77
56
65
22
17
43
193
7
42
146
194
181
43
156
169
8
190
4
42
73
125
136
68
177
137
163
39
167
2
152
36
31
8
102
53
177
145
47
184
139
145
131
72
188
39
41
148
29
197
191
54
123
79
75
100
168
190
139
136
144
43
124
176
51
178
29
180
75
28
116
166
125
47
38
65
87
32
14
68
29
157
123
152
36
150
4
157
140
95
45
84
138
169
60
141
148
42
121
23
70
190
190
148
37
180
13
76
12
27
145
194
184
20
146
173
170
151
82
110
198
127
194
137
96
7
78
196
49
0
172
71
190
114
19
179
94
33
8
59
12
153
53
149
125
151
122
95
54
4
157
53
83
151
190
179
158
68
128
159
20
52
31
162
166
50
94
12
83
102
71
48
7
76
197
132
28
119
179
82
75
136
87
158
39
77
89
150
98
169
109
70
21
140
33
187
143
79
152
178
181
175
26
140
52
23
72
80
94
3
114
121
139
2
79
130
31
121
80
129
42
142
0
64
82
185
3
25
64
155
4
197
83
182
137
135
6
161
167
100
164
33
22
55
35
53
185
19
126
66
100
169
8
100
185
42
37
188
20
53
96
176
2
179
158
91
114
116
4
33
169
168
66
143
175
54
196
161
73
75
179
173
196
139
26
181
133
15
169
105
69
17
81
23
196
192
115
62
108
119
95
77
40
162
20
167
16
169
128
41
196
59
14
192
150
192
125
84
8
46
189
29
64
23
52
60
15
119
75
75
191
170
105
183
84
125
150
52
46
31
93
194
42
60
186
193
52
63
77
12
110
18
41
174
41
46
186
56
117
61
84
60
32
189
43
68
66
146
121
65
177
14
59
171
26
198
164
31
61
41
43
171
12
37
145
53
83
84
62
152
145
146
13
177
135
8
46
153
154
119
18
83
85
78
55
112
76
19
95
89
13
138
61
25
175
158
30
10
42
92
163
188
38
128
117
125
136
115
31
91
186
49
126
72
127
181
136
155
153
31
45
118
169
58
143
97
16
173
59
11
18
174
151
8
102
68
86
39
136
117
82
122
166
160
194
46
94
130
153
47
113
150
165
83
8
60
132
177
185
191
140
155
118
91
164
20
111
50
11
47
119
45
122
85
6
116
83
100
199
189
99
112
139
16
147
100
76
31
29
13
23
169
169
141
60
133
113
171
135
77
171
54
122
93
91
80
161
127
180
112
116
31
25
7
47
124
107
75
156
88
89
131
57
10
24
69
95
137
193
182
166
164
36
89
9
79
169
170
6
102
83
122
85
60
130
133
136
189
8
92
30
49
175
87
11
199
109
58
89
102
40
7
18
76
96
179
108
18
149
114
72
184
189
157
196
71
42
133
60
3
177
42
4
153
130
16
104
191
74
145
45
115
153
15
143
1
194
51
171
95
118
43
80
107
153
76
178
147
161
190
150
139
33
155
44
115
123
148
106
197
46
103
64
151
118
160
104
112
163
76
7
81
71
39
188
176
68
118
124
29
61
74
168
94
181
12
161
104
113
67
54
111
122
118
62
40
30
166
104
194
194
63
75
66
103
16
42
171
86
166
152
147
193
121
41
174
85
2
79
198
21
133
61
95
3
123
135
34
42
191
28
36
55
55
102
110
23
97
33
110
63
185
57
8
58
51
183
144
5
14
94
179
99
156
74
102
31
162
88
73
153
68
110
160
76
164
70
99
61
103
161
77
89
171
37
99
22
20
43
179
186
138
110
85
46
185
140
77
99
180
103
52
49
13
13
77
129
35
176
143
139
138
172
180
61
9
79
83
30
75
14
168
13
125
6
11
62
98
88
161
78
191
165
79
156
130
156
38
166
85
181
105
175
153
37
36
162
116
71
144
191
85
65
156
10
71
119
72
169
8
185
47
151
151
79
60
81
187
98
47
72
31
104
47
184
141
35
98
10
106
43
153
192
108
110
154
131
29
179
100
189
164
99
93
67
130
105
149
118
155
148
190
186
53
190
122
146
25
20
156
132
15
110
76
75
172
182
6
153
113
58
95
78
110
188
97
40
45
46
158
0
147
149
138
152
91
60
98
116
32
7
0
0
69
28
75
193
163
34
146
76
44
41
154
154
181
4
147
178
2
105
178
149
6
68
101
97
128
152
166
113
111
118
113
180
147
140
173
110
126
119
186
123
113
93
77
46
97
24
25
51
82
155
1
40
24
54
138
152
6
56
17
117
174
82
49
73
23
22
135
101
94
74
24
159
167
54
5
16
30
30
67
112
186
20
153
10
75
43
114
33
51
84
151
25
166
0
51
189
175
186
43
69
60
67
28
179
73
33
147
104
16
167
168
154
187
73
116
62
68
182
48
119
66
199
145
33
151
196
174
126
134
17
195
195
37
175
174
110
161
74
166
129
41
135
83
28
160
151
43
29
133
91
148
0
42
45
33
193
193
159
120
128
177
67
75
166
195
1
76
156
75
195
85
116
130
120
97
42
71
140
71
4
183
20
156
25
17
189
170
11
101
42
91
30
110
166
196
57
167
24
13
43
19
50
159
101
170
8
144
41
148
15
197
83
187
154
60
5
95
183
168
196
25
59
26
87
177
174
144
144
199
109
139
18
159
99
120
129
59
64
122
160
79
72
43
19
26
56
24
121
39
144
70
64
3
48
104
180
23
48
76
22
158
16
192
69
67
112
151
126
128
73
86
160
145
82
179
123
138
155
197
177
99
67
193
54
67
49
186
90
50
62
64
160
30
57
29
97
169
180
24
98
6
62
58
151
144
189
27
82
144
24
11
195
43
157
49
110
158
187
1
8
1
65
168
32
74
150
129
44
130
105
94
88
120
152
192
64
141
19
99
37
43
62
32
38
171
81
148
130
20
101
90
21
119
11
53
193
161
135
189
43
192
83
132
112
187
124
129
80
95
180
117
138
194
149
128
166
182
76
48
2
130
90
24
49
101
29
194
14
164
184
10
109
19
94
21
7
170
102
87
65
82
5
155
29
106
83
195
41
111
195
43
41
37
19
42
91
49
189
105
165
173
67
74
192
161
48
151
