1000
999
999
999
998
998
997
997
996
996
995
992
992
991
991
990
989
989
989
987
986
986
986
985
984
983
983
982
981
981
980
979
978
977
973
971
970
970
969
968
966
966
965
965
964
962
960
959
959
959
958
958
957
956
956
956
955
954
953
953
953
952
952
952
951
951
947
946
946
944
940
938
938
937
935
935
934
933
933
927
926
925
925
924
924
924
923
922
920
920
919
919
919
919
918
918
917
916
915
912
912
912
911
909
909
908
908
908
908
906
906
905
902
902
902
900
900
898
895
894
892
892
892
891
891
889
889
888
888
887
885
883
881
881
881
880
879
879
878
876
876
876
874
874
873
871
871
869
866
865
864
862
860
857
856
856
856
854
854
853
853
853
852
851
851
850
848
848
846
846
845
845
844
844
843
843
842
842
842
836
835
834
834
834
833
832
832
831
829
828
826
821
821
820
820
818
817
817
817
817
814
813
813
812
811
811
810
808
807
805
805
804
803
802
801
797
796
795
793
793
791
785
785
785
783
781
781
780
780
778
778
777
775
775
774
774
773
773
772
767
767
767
765
765
765
763
762
761
761
760
759
759
759
758
757
756
756
755
755
755
754
754
754
753
753
751
751
751
750
748
747
747
745
744
743
741
741
739
735
735
735
735
735
733
730
730
729
729
728
728
727
726
724
724
723
722
719
719
716
715
713
712
712
711
707
707
703
703
702
701
700
699
698
698
698
697
694
694
694
694
693
692
692
689
689
689
686
685
681
681
675
674
674
673
673
673
669
668
667
666
665
665
665
664
664
663
663
662
661
661
659
659
659
658
658
658
657
657
656
656
655
654
652
650
649
646
646
645
644
643
643
643
642
641
641
640
639
639
639
637
636
635
633
633
633
633
632
629
629
629
628
627
627
625
624
623
622
622
622
621
620
620
618
616
616
616
615
615
612
611
611
610
610
609
608
608
607
606
605
603
602
602
601
601
601
600
600
600
600
599
599
598
598
598
597
597
596
593
591
591
590
589
587
587
586
586
582
577
575
574
573
572
571
570
569
565
564
563
562
561
561
560
559
559
559
559
558
558
558
557
556
556
556
555
554
552
551
551
550
549
546
545
544
543
542
541
541
540
539
538
538
538
537
535
535
535
534
534
533
532
532
531
530
529
529
525
524
522
522
522
521
520
518
518
516
515
514
513
513
513
511
511
510
508
508
507
505
505
505
505
504
503
502
501
499
497
496
495
492
490
489
488
487
487
486
484
484
484
484
482
482
482
479
479
477
476
472
471
469
469
466
463
459
459
457
455
451
450
450
450
447
445
445
444
444
443
437
437
435
434
434
433
431
430
430
430
428
427
426
426
424
423
422
421
421
420
419
412
410
409
408
407
407
407
407
405
403
401
401
400
400
400
399
399
398
398
396
396
395
394
393
389
387
387
386
385
385
384
383
383
383
382
382
381
380
380
380
379
377
376
376
375
372
372
371
370
370
368
367
367
365
364
363
362
361
361
360
359
359
358
357
357
357
356
355
353
351
350
350
346
344
342
342
341
340
340
339
337
336
334
334
333
333
333
331
329
328
328
328
327
326
323
321
321
321
320
320
320
319
318
318
317
317
316
315
314
312
312
312
311
310
310
308
308
306
301
299
297
297
296
295
294
293
293
292
292
289
288
286
286
285
285
282
281
279
279
277
276
276
272
271
271
270
269
268
267
264
264
264
263
262
262
261
261
259
258
257
253
253
253
250
250
249
248
247
246
246
245
244
243
242
241
239
239
237
236
235
235
234
232
229
228
228
226
226
224
224
224
224
223
222
221
220
218
217
215
213
213
213
212
212
212
212
212
211
210
206
206
206
205
204
202
201
199
197
196
194
194
193
191
190
189
189
188
187
184
184
182
181
181
180
180
179
177
176
173
169
169
167
167
167
162
161
159
159
158
156
154
153
153
152
151
151
148
147
145
144
141
141
139
139
137
137
136
136
134
133
132
129
128
127
127
126
126
122
122
122
119
117
117
116
116
116
114
114
113
113
112
112
111
109
107
106
106
104
104
103
102
102
101
101
99
97
95
95
94
93
92
91
91
90
89
88
86
84
83
82
82
77
77
76
76
75
75
74
74
71
70
70
67
66
66
66
65
64
58
58
56
56
55
53
53
51
50
50
50
50
50
49
49
46
46
46
46
46
43
42
42
40
40
38
37
35
34
34
28
28
28
28
28
28
26
26
24
24
24
23
23
22
21
21
19
18
16
14
14
13
13
13
11
11
9
9
8
6
6
4
2
2
2
2
